     -0.01617300       0.03180200      -0.02922600       0.03180200      -0.02398300      -0.02900800      -0.02922600      -0.02900800      -0.01602400
     -0.02125500       0.03364400      -0.02817300       0.03364400      -0.02153600      -0.02637900      -0.02817300      -0.02637900      -0.01343100
     -0.01862700       0.02849900      -0.03073900       0.02849900      -0.02120800      -0.02932100      -0.03073900      -0.02932100      -0.01650700
     -0.02173800       0.03471100      -0.02818900       0.03471100      -0.02113000      -0.03143700      -0.02818900      -0.03143700      -0.01344500
     -0.01839200       0.02726500      -0.03272500       0.02726500      -0.01620300      -0.03299200      -0.03272500      -0.03299200      -0.02164200
     -0.01646500       0.03254100      -0.02561900       0.03254100      -0.01818900      -0.02938100      -0.02561900      -0.02938100      -0.02148600
     -0.01792700       0.03226100      -0.03487900       0.03226100      -0.01742800      -0.03328600      -0.03487900      -0.03328600      -0.02099200
     -0.01750600       0.03169200      -0.03867900       0.03169200      -0.01727600      -0.03461700      -0.03867900      -0.03461700      -0.02144800
     -0.01799500       0.02628700      -0.03163600       0.02628700      -0.01773300      -0.02851900      -0.03163600      -0.02851900      -0.02048900
     -0.01904700       0.02837100      -0.03385100       0.02837100      -0.01788900      -0.02262500      -0.03385100      -0.02262500      -0.01928500
     -0.01608600       0.02842600      -0.02613100       0.02842600      -0.01988100      -0.03225900      -0.02613100      -0.03225900      -0.02028500
     -0.02653100       0.03190700      -0.03065300       0.03190700      -0.01610200      -0.02752900      -0.03065300      -0.02752900      -0.01365800
     -0.01920600       0.03043600      -0.04072600       0.03043600      -0.01361900      -0.03025600      -0.04072600      -0.03025600      -0.02341300
     -0.01458200       0.02759500      -0.03223600       0.02759500      -0.02383600      -0.03376800      -0.03223600      -0.03376800      -0.01786800
     -0.01915000       0.03352600      -0.02529000       0.03352600      -0.01670900      -0.03306400      -0.02529000      -0.03306400      -0.02046600
     -0.01852800       0.02755800      -0.03061400       0.02755800      -0.01771000      -0.02956900      -0.03061400      -0.02956900      -0.02000800
     -0.02301000       0.02663300      -0.03699300       0.02663300      -0.01517600      -0.02955200      -0.03699300      -0.02955200      -0.01807800
     -0.01536500       0.03396400      -0.03085200       0.03396400      -0.01997100      -0.03156400      -0.03085200      -0.03156400      -0.02091600
     -0.01935200       0.02686500      -0.02967600       0.02686500      -0.01592500      -0.02697600      -0.02967600      -0.02697600      -0.02097300
     -0.01663700       0.03212400      -0.03050600       0.03212400      -0.02102100      -0.02966500      -0.03050600      -0.02966500      -0.01866300
     -0.01587300       0.03258500      -0.02804100       0.03258500      -0.02456600      -0.02782800      -0.02804100      -0.02782800      -0.01580800
     -0.01980500       0.02557900      -0.02890400       0.02557900      -0.01609800      -0.03107000      -0.02890400      -0.03107000      -0.02029700
     -0.01704200       0.03097700      -0.02867400       0.03097700      -0.02257600      -0.02797400      -0.02867400      -0.02797400      -0.01657100
     -0.01950000       0.03465500      -0.02802000       0.03465500      -0.02051500      -0.02304600      -0.02802000      -0.02304600      -0.01624700
     -0.01942700       0.03292800      -0.03421000       0.03292800      -0.01127900      -0.02337100      -0.03421000      -0.02337100      -0.02549500
     -0.01857800       0.03902900      -0.03566200       0.03902900      -0.01970500      -0.03351100      -0.03566200      -0.03351100      -0.01811000
     -0.02076600       0.03075700      -0.02655000       0.03075700      -0.01750800      -0.02491800      -0.02655000      -0.02491800      -0.01792600
     -0.02125000       0.02362200      -0.03227000       0.02362200      -0.01213400      -0.02497900      -0.03227000      -0.02497900      -0.02282600
     -0.02247300       0.03465800      -0.03360800       0.03465800      -0.01771500      -0.02519600      -0.03360800      -0.02519600      -0.01609200
     -0.02102500       0.03081000      -0.03136300       0.03081000      -0.01488400      -0.03001400      -0.03136300      -0.03001400      -0.02031100
     -0.01551300       0.03229800      -0.03338400       0.03229800      -0.02419300      -0.03533400      -0.03338400      -0.03533400      -0.01659200
     -0.01877200       0.02822600      -0.02903200       0.02822600      -0.02186900      -0.03094300      -0.02903200      -0.03094300      -0.01561500
     -0.01456400       0.03226300      -0.02874100       0.03226300      -0.02239800      -0.03722100      -0.02874100      -0.03722100      -0.01933200
     -0.01795500       0.02766600      -0.03435200       0.02766600      -0.01541300      -0.03042500      -0.03435200      -0.03042500      -0.02296600
     -0.01657400       0.02796900      -0.03120000       0.02796900      -0.02195100      -0.03068100      -0.03120000      -0.03068100      -0.01776300
     -0.01967300       0.02880200      -0.03134300       0.02880200      -0.00964400      -0.02866000      -0.03134300      -0.02866000      -0.02694100
     -0.01301300       0.02934200      -0.02661400       0.02934200      -0.02282900      -0.03585900      -0.02661400      -0.03585900      -0.02040100
     -0.02230800       0.03317900      -0.02881900       0.03317900      -0.01943500      -0.02830700      -0.02881900      -0.02830700      -0.01443300
     -0.01925200       0.02793600      -0.02798200       0.02793600      -0.01871300      -0.02621700      -0.02798200      -0.02621700      -0.01838900
     -0.01496300       0.03050700      -0.02859400       0.03050700      -0.02090300      -0.03346700      -0.02859400      -0.03346700      -0.02040900
     -0.02119800       0.02696900      -0.03307100       0.02696900      -0.01417400      -0.02927400      -0.03307100      -0.02927400      -0.02086100
     -0.01602700       0.02700600      -0.02365600       0.02700600      -0.02193600      -0.03785900      -0.02365600      -0.03785900      -0.01838300
     -0.01540300       0.02982300      -0.02704000       0.02982300      -0.02135300      -0.03501800      -0.02704000      -0.03501800      -0.01950200
     -0.01510000       0.03119500      -0.02535900       0.03119500      -0.02534300      -0.03339600      -0.02535900      -0.03339600      -0.01578700
     -0.01652400       0.02934100      -0.02636000       0.02934100      -0.02045500      -0.03167000      -0.02636000      -0.03167000      -0.01926200
     -0.01996400       0.03570700      -0.03193500       0.03570700      -0.02440000      -0.03228500      -0.03193500      -0.03228500      -0.01187200
     -0.01838200       0.03090900      -0.03237700       0.03090900      -0.02015300      -0.03196200      -0.03237700      -0.03196200      -0.01769800
     -0.01514200       0.03304800      -0.03137800       0.03304800      -0.02191400      -0.03752400      -0.03137800      -0.03752400      -0.01924000
     -0.01598200       0.03383200      -0.03095200       0.03383200      -0.02415700      -0.02745700      -0.03095200      -0.02745700      -0.01609700
     -0.01923600       0.02990700      -0.02582900       0.02990700      -0.02224800      -0.02629300      -0.02582900      -0.02629300      -0.01474200
     -0.01717900       0.02916500      -0.03191700       0.02916500      -0.01813600      -0.03443600      -0.03191700      -0.03443600      -0.02090900
     -0.02055600       0.03038200      -0.02870000       0.03038200      -0.01789400      -0.03266200      -0.02870000      -0.03266200      -0.01779300
     -0.02031700       0.03555000      -0.03886500       0.03555000      -0.01585000      -0.02589600      -0.03886500      -0.02589600      -0.02011300
     -0.01868000       0.02982500      -0.03517100       0.02982500      -0.01715700      -0.03227500      -0.03517100      -0.03227500      -0.02039500
     -0.01591700       0.03206000      -0.03009900       0.03206000      -0.01701000      -0.02999700      -0.03009900      -0.02999700      -0.02323500
     -0.01987600       0.03202600      -0.03212700       0.03202600      -0.02266100      -0.02983100      -0.03212700      -0.02983100      -0.01376300
     -0.01863200       0.03590700      -0.02946500       0.03590700      -0.01777000      -0.03023200      -0.02946500      -0.03023200      -0.01982800
     -0.02223900       0.02823800      -0.02942300       0.02823800      -0.01591500      -0.03202200      -0.02942300      -0.03202200      -0.01811600
     -0.01792500       0.03080200      -0.03511500       0.03080200      -0.02109200      -0.02892900      -0.03511500      -0.02892900      -0.01726400
     -0.02143400       0.02777300      -0.02943100       0.02777300      -0.01924800      -0.02766400      -0.02943100      -0.02766400      -0.01556300
     -0.02063100       0.02907000      -0.02970500       0.02907000      -0.01407500      -0.02760200      -0.02970500      -0.02760200      -0.02145800
     -0.02072300       0.03361300      -0.02408900       0.03361300      -0.02041200      -0.03201900      -0.02408900      -0.03201900      -0.01513800
     -0.02022100       0.02892700      -0.03432700       0.02892700      -0.01511900      -0.03585100      -0.03432700      -0.03585100      -0.02084500
     -0.01658500       0.02888800      -0.03329800       0.02888800      -0.01791100      -0.02991500      -0.03329800      -0.02991500      -0.02177200
     -0.01704200       0.02745300      -0.02883900       0.02745300      -0.02086800      -0.03391500      -0.02883900      -0.03391500      -0.01829600
     -0.02193400       0.03200400      -0.02975700       0.03200400      -0.02051100      -0.02739400      -0.02975700      -0.02739400      -0.01391700
     -0.01841400       0.03226500      -0.02719200       0.03226500      -0.01860900      -0.02540100      -0.02719200      -0.02540100      -0.01923400
     -0.01583800       0.02466300      -0.02955500       0.02466300      -0.01593000      -0.02912400      -0.02955500      -0.02912400      -0.02449300
     -0.01629000       0.02899700      -0.02975500       0.02899700      -0.01980500      -0.02989100      -0.02975500      -0.02989100      -0.02015000
     -0.01825600       0.03063300      -0.02968900       0.03063300      -0.01683200      -0.02802300      -0.02968900      -0.02802300      -0.02121000
     -0.02100700       0.02856100      -0.03199800       0.02856100      -0.01742100      -0.02670500      -0.03199800      -0.02670500      -0.01787600
     -0.01764000       0.03162200      -0.02424400       0.03162200      -0.02072700      -0.02857500      -0.02424400      -0.02857500      -0.01789900
     -0.01908400       0.03346700      -0.03346600       0.03346700      -0.01724600      -0.03330700      -0.03346600      -0.03330700      -0.01995500
     -0.01635300       0.02555200      -0.02634700       0.02555200      -0.02012700      -0.03052900      -0.02634700      -0.03052900      -0.01979500
     -0.01569000       0.03019700      -0.02855700       0.03019700      -0.02033000      -0.02578200      -0.02855700      -0.02578200      -0.02023200
     -0.01727700       0.03146600      -0.02781300       0.03146600      -0.02080800      -0.02875200      -0.02781300      -0.02875200      -0.01823400
     -0.02043000       0.02837800      -0.02870200       0.02837800      -0.01763900      -0.02956600      -0.02870200      -0.02956600      -0.01812700
     -0.01466800       0.03260600      -0.02087500       0.03260600      -0.02389200      -0.03177200      -0.02087500      -0.03177200      -0.01768200
     -0.01668800       0.03247700      -0.02962400       0.03247700      -0.02089600      -0.03227500      -0.02962400      -0.03227500      -0.01867700
     -0.02333400       0.03860100      -0.02315200       0.03860100      -0.02031500      -0.02642900      -0.02315200      -0.02642900      -0.01252500
     -0.01963300       0.02995000      -0.03001700       0.02995000      -0.02311800      -0.03065600      -0.03001700      -0.03065600      -0.01352100
     -0.02526000       0.03145400      -0.03582100       0.03145400      -0.01260100      -0.02833300      -0.03582100      -0.02833300      -0.01832700
     -0.02121000       0.03272000      -0.02852500       0.03272000      -0.01789800      -0.02619300      -0.02852500      -0.02619300      -0.01714300
     -0.01567900       0.02991600      -0.02766800       0.02991600      -0.02069400      -0.02810400      -0.02766800      -0.02810400      -0.01980400
     -0.01807900       0.02892300      -0.03364000       0.02892300      -0.02074600      -0.03194700      -0.03364000      -0.03194700      -0.01753900
     -0.01879400       0.02973900      -0.02809900       0.02973900      -0.02111800      -0.02497200      -0.02809900      -0.02497200      -0.01638800
     -0.01807300       0.02890200      -0.02937100       0.02890200      -0.01781800      -0.02951900      -0.02937100      -0.02951900      -0.02042700
     -0.01546900       0.03190700      -0.03407400       0.03190700      -0.01615600      -0.02864500      -0.03407400      -0.02864500      -0.02469200
     -0.02041300       0.02943100      -0.03407500       0.02943100      -0.01810600      -0.02600200      -0.03407500      -0.02600200      -0.01775300
     -0.02284900       0.03154200      -0.03524000       0.03154200      -0.01626900      -0.03041200      -0.03524000      -0.03041200      -0.01707300
     -0.01524700       0.03135000      -0.02843000       0.03135000      -0.02203000      -0.03351200      -0.02843000      -0.03351200      -0.01896300
     -0.01911400       0.02674400      -0.03406900       0.02674400      -0.01679200      -0.02803500      -0.03406900      -0.02803500      -0.02037800
     -0.01694300       0.02997200      -0.03195700       0.02997200      -0.02083200      -0.03088100      -0.03195700      -0.03088100      -0.01854200
     -0.01592500       0.02860300      -0.03082100       0.02860300      -0.02067100      -0.03196900      -0.03082100      -0.03196900      -0.01967100
     -0.01921000       0.02525900      -0.03094500       0.02525900      -0.01748000      -0.03299700      -0.03094500      -0.03299700      -0.01949000
     -0.01539100       0.03221000      -0.03412000       0.03221000      -0.02056800      -0.03564600      -0.03412000      -0.03564600      -0.02027600
     -0.01868100       0.02714300      -0.03477200       0.02714300      -0.01523900      -0.02866500      -0.03477200      -0.02866500      -0.02228300
     -0.02262400       0.03117200      -0.03419500       0.03117200      -0.01603100      -0.03035800      -0.03419500      -0.03035800      -0.01762400
     -0.02092300       0.02590400      -0.03247100       0.02590400      -0.01699000      -0.03602500      -0.03247100      -0.03602500      -0.01830200
     -0.01976200       0.03253900      -0.02965400       0.03253900      -0.02242800      -0.02998800      -0.02965400      -0.02998800      -0.01388600
     -0.02347500       0.03283800      -0.03328600       0.03283800      -0.01814500      -0.03290500      -0.03328600      -0.03290500      -0.01467700
     -0.01946700       0.03301300      -0.02954300       0.03301300      -0.01822500      -0.02882400      -0.02954300      -0.02882400      -0.01853700
     -0.01725400       0.03163200      -0.02936200       0.03163200      -0.02241500      -0.03008200      -0.02936200      -0.03008200      -0.01663300
     -0.02047000       0.02956300      -0.03038800       0.02956300      -0.01515400      -0.03119400      -0.03038800      -0.03119400      -0.02061300
     -0.02237000       0.03404200      -0.02701000       0.03404200      -0.02126200      -0.02737700      -0.02701000      -0.02737700      -0.01251700
     -0.02331900       0.03203900      -0.02688800       0.03203900      -0.02023600      -0.02903800      -0.02688800      -0.02903800      -0.01268000
     -0.02145800       0.03213600      -0.02807200       0.03213600      -0.01874000      -0.02919200      -0.02807200      -0.02919200      -0.01607800
     -0.01710100       0.03009100      -0.03211400       0.03009100      -0.02213700      -0.03315800      -0.03211400      -0.03315800      -0.01710900
     -0.01474500       0.02605700      -0.03070900       0.02605700      -0.01882800      -0.03251700      -0.03070900      -0.03251700      -0.02263600
     -0.01615700       0.03092400      -0.03015200       0.03092400      -0.01869200      -0.03267800      -0.03015200      -0.03267800      -0.02129200
     -0.01996300       0.03306300      -0.03102600       0.03306300      -0.01809900      -0.02698200      -0.03102600      -0.02698200      -0.01811500
     -0.01993300       0.03585700      -0.02607800       0.03585700      -0.02013700      -0.03095100      -0.02607800      -0.03095100      -0.01616000
     -0.01553500       0.03477800      -0.02801400       0.03477800      -0.02133100      -0.03248400      -0.02801400      -0.03248400      -0.01938700
     -0.01882300       0.03186100      -0.02626300       0.03186100      -0.02243600      -0.02992500      -0.02626300      -0.02992500      -0.01501000
     -0.01765000       0.03589600      -0.02915600       0.03589600      -0.02152300      -0.02897300      -0.02915600      -0.02897300      -0.01700700
     -0.01630500       0.02858900      -0.03044100       0.02858900      -0.02161200      -0.02732100      -0.03044100      -0.02732100      -0.01826500
     -0.01965200       0.02658700      -0.03194500       0.02658700      -0.01419000      -0.03444800      -0.03194500      -0.03444800      -0.02240500
     -0.02215000       0.02958300      -0.02929100       0.02958300      -0.02031200      -0.02961800      -0.02929100      -0.02961800      -0.01379500
     -0.01487300       0.02763000      -0.03414800       0.02763000      -0.02051400      -0.03264400      -0.03414800      -0.03264400      -0.02098300
     -0.02244400       0.02962600      -0.02999200       0.02962600      -0.01503400      -0.03036000      -0.02999200      -0.03036000      -0.01871000
     -0.01514500       0.02920200      -0.03318100       0.02920200      -0.01494600      -0.02954700      -0.03318100      -0.02954700      -0.02624600
     -0.01631100       0.03353500      -0.02517800       0.03353500      -0.02244100      -0.03773500      -0.02517800      -0.03773500      -0.01743300
     -0.01392200       0.02931600      -0.03029200       0.02931600      -0.01896700      -0.03395400      -0.03029200      -0.03395400      -0.02335200
     -0.02053400       0.03655400      -0.03453800       0.03655400      -0.01626200      -0.02701100      -0.03453800      -0.02701100      -0.01936600
     -0.01809300       0.03287400      -0.02962300       0.03287400      -0.01961700      -0.03349300      -0.02962300      -0.03349300      -0.01858100
     -0.02130100       0.03036300      -0.03286900       0.03036300      -0.01466800      -0.02745700      -0.03286900      -0.02745700      -0.02029100
     -0.01824700       0.03037800      -0.02854600       0.03037800      -0.02044800      -0.03261300      -0.02854600      -0.03261300      -0.01751300
     -0.01701400       0.02691700      -0.02185500       0.02691700      -0.02057500      -0.03349100      -0.02185500      -0.03349100      -0.01872500
     -0.01619100       0.03557400      -0.03364600       0.03557400      -0.01817600      -0.03094700      -0.03364600      -0.03094700      -0.02187500
     -0.01762000       0.02975900      -0.03173800       0.02975900      -0.01476200      -0.03403500      -0.03173800      -0.03403500      -0.02383300
     -0.01731900       0.02208300      -0.02973400       0.02208300      -0.01780600      -0.03070600      -0.02973400      -0.03070600      -0.02103500
     -0.01753900       0.02959600      -0.03319400       0.02959600      -0.01831400      -0.03513000      -0.03319400      -0.03513000      -0.02039700
     -0.02049100       0.02939200      -0.03461500       0.02939200      -0.01535200      -0.02640000      -0.03461500      -0.02640000      -0.02047200
     -0.01918500       0.02882900      -0.02709300       0.02882900      -0.01818300      -0.03222000      -0.02709300      -0.03222000      -0.01892400
     -0.02563200       0.03027700      -0.03743400       0.03027700      -0.01404200      -0.03147800      -0.03743400      -0.03147800      -0.01660800
     -0.01563000       0.02922700      -0.03331300       0.02922700      -0.01830600      -0.02518600      -0.03331300      -0.02518600      -0.02235100
     -0.02012500       0.02960700      -0.03504200       0.02960700      -0.01574300      -0.02765300      -0.03504200      -0.02765300      -0.02039000
     -0.01593000       0.03049100      -0.03219800       0.03049100      -0.01651200      -0.03853300      -0.03219800      -0.03853300      -0.02377000
     -0.01331500       0.02843700      -0.03102400       0.02843700      -0.02208900      -0.03149900      -0.03102400      -0.03149900      -0.02084200
     -0.01960300       0.02714900      -0.02703700       0.02714900      -0.01431200      -0.02973300      -0.02703700      -0.02973300      -0.02238600
     -0.02334500       0.03465000      -0.03019900       0.03465000      -0.01757100      -0.02957000      -0.03019900      -0.02957000      -0.01529700
     -0.01698500       0.03257700      -0.02905800       0.03257700      -0.02252700      -0.03202300      -0.02905800      -0.03202300      -0.01671900
     -0.01901700       0.02556200      -0.03204100       0.02556200      -0.01886200      -0.03026700      -0.03204100      -0.03026700      -0.01841700
     -0.01598600       0.03016500      -0.03325100       0.03016500      -0.01672300      -0.03301200      -0.03325100      -0.03301200      -0.02372400
     -0.01587900       0.02953200      -0.03311500       0.02953200      -0.02446000      -0.03008900      -0.03311500      -0.03008900      -0.01585300
     -0.01774300       0.03331500      -0.02821300       0.03331500      -0.01883400      -0.03030500      -0.02821300      -0.03030500      -0.01971400
     -0.01616200       0.03292600      -0.03271400       0.03292600      -0.02224900      -0.03418800      -0.03271400      -0.03418800      -0.01793100
     -0.02198500       0.02886200      -0.02946400       0.02886200      -0.01575900      -0.02669900      -0.02946400      -0.02669900      -0.01843000
     -0.01789800       0.03431300      -0.03456500       0.03431300      -0.01753800      -0.03157700      -0.03456500      -0.03157700      -0.02077900
     -0.01531800       0.03350300      -0.02781700       0.03350300      -0.02094700      -0.03202400      -0.02781700      -0.03202400      -0.01999900
     -0.02097500       0.02940300      -0.03373200       0.02940300      -0.01638700      -0.02791800      -0.03373200      -0.02791800      -0.01885600
     -0.01603500       0.02889000      -0.02878600       0.02889000      -0.01960600      -0.02713200      -0.02878600      -0.02713200      -0.02056300
     -0.01159600       0.03001000      -0.02687200       0.03001000      -0.02247900      -0.02810100      -0.02687200      -0.02810100      -0.02223700
     -0.02009300       0.03271800      -0.02371400       0.03271800      -0.02521200      -0.02675700      -0.02371400      -0.02675700      -0.01088200
     -0.02058100       0.03302200      -0.03254800       0.03302200      -0.01920800      -0.03043900      -0.03254800      -0.03043900      -0.01640900
     -0.01948000       0.02794400      -0.03155900       0.02794400      -0.01904900      -0.03376100      -0.03155900      -0.03376100      -0.01762700
     -0.01823200       0.03523100      -0.02324700       0.03523100      -0.02213200      -0.03059300      -0.02324700      -0.03059300      -0.01588400
     -0.01875900       0.03321800      -0.03085800       0.03321800      -0.01846500      -0.03377700      -0.03085800      -0.03377700      -0.01913100
     -0.02022500       0.03044700      -0.03321900       0.03044700      -0.01819400      -0.02914900      -0.03321900      -0.02914900      -0.01775300
     -0.01619300       0.02898700      -0.02592300       0.02898700      -0.01840700      -0.03223900      -0.02592300      -0.03223900      -0.02159000
     -0.02412600       0.02845100      -0.03101700       0.02845100      -0.01477100      -0.02999500      -0.03101700      -0.02999500      -0.01744100
     -0.01860900       0.03256200      -0.02981500       0.03256200      -0.01936200      -0.02618200      -0.02981500      -0.02618200      -0.01819600
     -0.01802200       0.02729700      -0.03033600       0.02729700      -0.01646200      -0.02750500      -0.03033600      -0.02750500      -0.02183600
     -0.02377500       0.02387000      -0.03595800       0.02387000      -0.01288500      -0.02287400      -0.03595800      -0.02287400      -0.01968800
     -0.01705500       0.02443700      -0.02774400       0.02443700      -0.01571700      -0.03048400      -0.02774400      -0.03048400      -0.02348000
     -0.01648400       0.03176200      -0.02692400       0.03176200      -0.02145500      -0.03065300      -0.02692400      -0.03065300      -0.01831800
     -0.02073700       0.03462400      -0.02711200       0.03462400      -0.02090100      -0.03218600      -0.02711200      -0.03218600      -0.01464900
     -0.02136500       0.03095900      -0.03159400       0.03095900      -0.01879600      -0.03450200      -0.03159400      -0.03450200      -0.01610900
     -0.02228900       0.03502400      -0.03040600       0.03502400      -0.01390000      -0.02869100      -0.03040600      -0.02869100      -0.02005700
     -0.01738700       0.03445200      -0.02817500       0.03445200      -0.02254900      -0.03060700      -0.02817500      -0.03060700      -0.01630400
     -0.01930300       0.02857000      -0.03102100       0.02857000      -0.01413200      -0.03371100      -0.03102100      -0.03371100      -0.02275700
     -0.01592300       0.02982900      -0.03060300       0.02982900      -0.01830000      -0.03179400      -0.03060300      -0.03179400      -0.02205500
     -0.01612800       0.02991700      -0.02824000       0.02991700      -0.02067600      -0.03056300      -0.02824000      -0.03056300      -0.01948900
     -0.01634900       0.02577800      -0.02978300       0.02577800      -0.02217100      -0.03591700      -0.02978300      -0.03591700      -0.01772500
     -0.01899000       0.02522800      -0.02604800       0.02522800      -0.01859300      -0.03027200      -0.02604800      -0.03027200      -0.01875300
     -0.02086300       0.03602100      -0.03253100       0.03602100      -0.02344400      -0.02660500      -0.03253100      -0.02660500      -0.01189200
     -0.01808600       0.03132900      -0.03400200       0.03132900      -0.02013800      -0.03124300      -0.03400200      -0.03124300      -0.01807600
     -0.01930800       0.03493100      -0.03235600       0.03493100      -0.01893900      -0.03701700      -0.03235600      -0.03701700      -0.01799700
     -0.01852500       0.02439200      -0.02682200       0.02439200      -0.01680000      -0.02599400      -0.02682200      -0.02599400      -0.02102300
     -0.01360300       0.03110000      -0.03335300       0.03110000      -0.01771800      -0.03668200      -0.03335300      -0.03668200      -0.02485600
     -0.01988900       0.02960600      -0.02989800       0.02960600      -0.01595200      -0.03000600      -0.02989800      -0.03000600      -0.02052100
     -0.01962600       0.03049400      -0.02513700       0.03049400      -0.01793500      -0.02845800      -0.02513700      -0.02845800      -0.01865100
     -0.01760600       0.02457600      -0.03078400       0.02457600      -0.01557900      -0.03697900      -0.03078400      -0.03697900      -0.02309000
     -0.01874200       0.02840100      -0.03289800       0.02840100      -0.02006900      -0.03487600      -0.03289800      -0.03487600      -0.01745700
     -0.01963400       0.02930900      -0.02818400       0.02930900      -0.01756900      -0.03035100      -0.02818400      -0.03035100      -0.01908900
     -0.01510000       0.02658100      -0.02560600       0.02658100      -0.02181400      -0.02970100      -0.02560600      -0.02970100      -0.01936600
     -0.01689500       0.03280800      -0.03127100       0.03280800      -0.02084800      -0.03133600      -0.03127100      -0.03133600      -0.01858400
     -0.01875900       0.02487700      -0.02948700       0.02487700      -0.01919600      -0.03082400      -0.02948700      -0.03082400      -0.01822400
     -0.01677200       0.03306500      -0.02888500       0.03306500      -0.01777600      -0.03178900      -0.02888500      -0.03178900      -0.02167000
     -0.01554000       0.03495800      -0.03043700       0.03495800      -0.02437400      -0.03002300      -0.03043700      -0.03002300      -0.01643500
     -0.01865000       0.02863800      -0.02616100       0.02863800      -0.01788700      -0.02883800      -0.02616100      -0.02883800      -0.01969900
     -0.02002900       0.02975900      -0.02996500       0.02975900      -0.01565800      -0.02845300      -0.02996500      -0.02845300      -0.02055500
     -0.01988000       0.02800500      -0.03060900       0.02800500      -0.01347600      -0.03064700      -0.03060900      -0.03064700      -0.02291800
     -0.02451500       0.03037000      -0.03196900       0.03037000      -0.01501600      -0.03072800      -0.03196900      -0.03072800      -0.01679000
     -0.01817100       0.03183600      -0.03021000       0.03183600      -0.01772400      -0.03132600      -0.03021000      -0.03132600      -0.02043700
     -0.02198400       0.03065900      -0.02840300       0.03065900      -0.01737700      -0.02839200      -0.02840300      -0.02839200      -0.01680500
     -0.01666500       0.03033300      -0.03447300       0.03033300      -0.01547600      -0.02875600      -0.03447300      -0.02875600      -0.02413000
     -0.01632800       0.02825400      -0.03121300       0.02825400      -0.02062100      -0.03034200      -0.03121300      -0.03034200      -0.01927200
     -0.01645600       0.03175600      -0.03414100       0.03175600      -0.01713400      -0.03151100      -0.03414100      -0.03151100      -0.02260500
     -0.02060600       0.03158400      -0.03534200       0.03158400      -0.01638800      -0.02862900      -0.03534200      -0.02862900      -0.01913000
     -0.02048100       0.02855400      -0.02733100       0.02855400      -0.01737800      -0.02788900      -0.02733100      -0.02788900      -0.01846300
     -0.02210000       0.03511200      -0.03371000       0.03511200      -0.02080800      -0.02568000      -0.03371000      -0.02568000      -0.01329500
     -0.02103500       0.02876300      -0.03295300       0.02876300      -0.01322900      -0.03168200      -0.03295300      -0.03168200      -0.02196600
     -0.02203100       0.02732300      -0.03282900       0.02732300      -0.01590400      -0.02974900      -0.03282900      -0.02974900      -0.01833500
     -0.01776400       0.03140000      -0.03528100       0.03140000      -0.01831300      -0.02400600      -0.03528100      -0.02400600      -0.02019000
     -0.01254200       0.03016500      -0.02573500       0.03016500      -0.02156000      -0.03087500      -0.02573500      -0.03087500      -0.02219000
     -0.01703500       0.02978800      -0.03090400       0.02978800      -0.01755300      -0.03344700      -0.03090400      -0.03344700      -0.02163800
     -0.01720900       0.02671900      -0.03227500       0.02671900      -0.02114200      -0.02674000      -0.03227500      -0.02674000      -0.01780500
     -0.02644400       0.03542800      -0.03044500       0.03542800      -0.01405700      -0.02334400      -0.03044500      -0.02334400      -0.01584900
     -0.01761600       0.02942800      -0.02557600       0.02942800      -0.01965600      -0.03373800      -0.02557600      -0.03373800      -0.01894600
     -0.01431500       0.02378400      -0.03141000       0.02378400      -0.01703600      -0.03325900      -0.03141000      -0.03325900      -0.02481400
     -0.01632400       0.03153300      -0.02357200       0.03153300      -0.02403000      -0.03180000      -0.02357200      -0.03180000      -0.01597400
     -0.01293500       0.02823300      -0.03178900       0.02823300      -0.02470900      -0.03162700      -0.03178900      -0.03162700      -0.01865700
     -0.01684700       0.03437200      -0.02809900       0.03437200      -0.02452200      -0.03076300      -0.02809900      -0.03076300      -0.01476000
     -0.02186700       0.03437600      -0.02640500       0.03437600      -0.01746200      -0.02642300      -0.02640500      -0.02642300      -0.01698100
     -0.02532100       0.03234500      -0.03811200       0.03234500      -0.01350000      -0.02887900      -0.03811200      -0.02887900      -0.01735600
     -0.01915200       0.03295500      -0.03091700       0.03295500      -0.01904100      -0.02770000      -0.03091700      -0.02770000      -0.01806900
     -0.01795100       0.03569200      -0.02443000       0.03569200      -0.02072100      -0.02955600      -0.02443000      -0.02955600      -0.01757000
     -0.02335700       0.03123800      -0.02485000       0.03123800      -0.01859600      -0.02841800      -0.02485000      -0.02841800      -0.01441500
     -0.02054900       0.03615200      -0.02845100       0.03615200      -0.02093200      -0.02620200      -0.02845100      -0.02620200      -0.01475700
     -0.01996700       0.02917600      -0.02977100       0.02917600      -0.02329900      -0.02965900      -0.02977100      -0.02965900      -0.01291200
     -0.02122400       0.03037400      -0.02896200       0.03037400      -0.02046600      -0.03020400      -0.02896200      -0.03020400      -0.01455200
     -0.02137700       0.03686400      -0.02809100       0.03686400      -0.01899300      -0.03166000      -0.02809100      -0.03166000      -0.01578600
     -0.01874000       0.03476800      -0.02702500       0.03476800      -0.02229100      -0.02799300      -0.02702500      -0.02799300      -0.01522600
     -0.01865600       0.02585100      -0.02528500       0.02585100      -0.02190700      -0.03326800      -0.02528500      -0.03326800      -0.01558200
     -0.02030100       0.02752100      -0.02757600       0.02752100      -0.01522300      -0.02788200      -0.02757600      -0.02788200      -0.02072300
     -0.01583600       0.03369500      -0.03096900       0.03369500      -0.02604600      -0.02961600      -0.03096900      -0.02961600      -0.01455100
     -0.02205300       0.03172300      -0.02847100       0.03172300      -0.01842100      -0.03092100      -0.02847100      -0.03092100      -0.01569600
     -0.01871700       0.03079500      -0.03176300       0.03079500      -0.01595000      -0.02909600      -0.03176300      -0.02909600      -0.02163000
     -0.02086600       0.03386300      -0.03156400       0.03386300      -0.01533200      -0.03210100      -0.03156400      -0.03210100      -0.02004600
     -0.02668200       0.02800100      -0.03649100       0.02800100      -0.01055100      -0.02482100      -0.03649100      -0.02482100      -0.01908100
     -0.01530500       0.02654000      -0.02972300       0.02654000      -0.01764000      -0.03602100      -0.02972300      -0.03602100      -0.02336900
     -0.02148700       0.03123000      -0.03035100       0.03123000      -0.01732900      -0.02971700      -0.03035100      -0.02971700      -0.01747200
     -0.01795100       0.02344900      -0.03285500       0.02344900      -0.02023000      -0.03026400      -0.03285500      -0.03026400      -0.01816600
     -0.01658200       0.02760400      -0.03033600       0.02760400      -0.01851700      -0.03251100      -0.03033600      -0.03251100      -0.02117000
     -0.01675100       0.02778500      -0.02291300       0.02778500      -0.01889800      -0.03269800      -0.02291300      -0.03269800      -0.02055600
     -0.02041100       0.02889500      -0.03469700       0.02889500      -0.01781600      -0.02656100      -0.03469700      -0.02656100      -0.01803700
     -0.01793800       0.03028000      -0.03834100       0.03028000      -0.02052600      -0.03368800      -0.03834100      -0.03368800      -0.01781000
     -0.02259000       0.03586300      -0.02879800       0.03586300      -0.01813500      -0.02633500      -0.02879800      -0.02633500      -0.01547500
     -0.01786800       0.02897600      -0.02922100       0.02897600      -0.01846300      -0.02674700      -0.02922100      -0.02674700      -0.01977500
     -0.01711300       0.03404500      -0.02880200       0.03404500      -0.01969400      -0.03005100      -0.02880200      -0.03005100      -0.01943700
     -0.02022700       0.03231300      -0.02640500       0.03231300      -0.01475800      -0.03255100      -0.02640500      -0.03255100      -0.02123900
     -0.02433800       0.02621200      -0.03208000       0.02621200      -0.01747500      -0.02941100      -0.03208000      -0.02941100      -0.01442200
     -0.01544300       0.02575700      -0.03004000       0.02575700      -0.01994000      -0.03162800      -0.03004000      -0.03162800      -0.02094200
     -0.01755800       0.03582300      -0.03123600       0.03582300      -0.02147500      -0.03037500      -0.03123600      -0.03037500      -0.01717900
     -0.01915900       0.03100700      -0.02996700       0.03100700      -0.01997000      -0.03152500      -0.02996700      -0.03152500      -0.01712100
     -0.01811700       0.02948200      -0.03232500       0.02948200      -0.02146600      -0.03942400      -0.03232500      -0.03942400      -0.01662200
     -0.02122400       0.03318400      -0.02678400       0.03318400      -0.02144300      -0.02696100      -0.02678400      -0.02696100      -0.01357400
     -0.02248700       0.02959700      -0.03063200       0.02959700      -0.01491100      -0.03240100      -0.03063200      -0.03240100      -0.01886900
     -0.02117700       0.02880700      -0.03369000       0.02880700      -0.01515900      -0.02271800      -0.03369000      -0.02271800      -0.01990500
     -0.01696800       0.02874200      -0.02787900       0.02874200      -0.01802300      -0.02697500      -0.02787900      -0.02697500      -0.02121700
     -0.02241900       0.03193700      -0.03323800       0.03193700      -0.01783600      -0.02703000      -0.03323800      -0.02703000      -0.01605500
     -0.02089900       0.03417300      -0.02630000       0.03417300      -0.02077500      -0.02540400      -0.02630000      -0.02540400      -0.01453000
     -0.01822200       0.02679000      -0.02790300       0.02679000      -0.01920700      -0.03230100      -0.02790300      -0.03230100      -0.01879300
     -0.01818900       0.03285900      -0.02764900       0.03285900      -0.02031300      -0.03247700      -0.02764900      -0.03247700      -0.01783900
     -0.02060600       0.02609100      -0.03197500       0.02609100      -0.01486800      -0.02698800      -0.03197500      -0.02698800      -0.02086400
     -0.01878400       0.02812500      -0.02770200       0.02812500      -0.02021800      -0.02756100      -0.02770200      -0.02756100      -0.01719200
     -0.02104700       0.02685400      -0.02955800       0.02685400      -0.01837100      -0.03074600      -0.02955800      -0.03074600      -0.01692300
     -0.01896700       0.03018900      -0.02752700       0.03018900      -0.02201400      -0.02977500      -0.02752700      -0.02977500      -0.01523200
     -0.01326400       0.02226700      -0.02102500       0.02226700      -0.02207700      -0.03511200      -0.02102500      -0.03511200      -0.02092200
     -0.02031800       0.02620600      -0.03172500       0.02620600      -0.01317300      -0.03410700      -0.03172500      -0.03410700      -0.02269700
